ID, administrator
name, administrator
ID, 2948
name, C:\Bio Rad TestStand_10041194\Main\Bio Rad Teststand.seq#MainSequence
startDateTime, 2022-04-13T18:24:56.830
endDateTime, 2022-04-13T18:33:14.853
StepType, SequenceCall
StepGrp, Main
BlockLevel, 1
Index, 9
TotalTime, 498.023
ModuleTime, 498.023
Outcome, Passed
ID, name, startDateTime, endDateTime, testReferenceID, Tag, StepType, StepGrp, BlockLevel, Index, TotalTime, ModuleTime, Outcome, ResultDataType, value, LimitComparator, LimitType, LimitValue, nonStandardUnit, LowerLimit, UpperLimit, LoopIndex, 
2949, Load Bio Rad DLL, 2022-04-13T18:24:56.869, 2022-04-13T18:24:56.872, ID#:vjT50USnYkW0sYJ60awv0D, SessionAction, Action, Setup, 0, 0, 0.0032176, 0.0032176, Done, N.A, N.A, N.A, N.A, N.A, N.A, N.A, N.A, N.A, 
2950, Put UUT, 2022-04-13T18:24:56.887, 2022-04-13T18:24:59.102, ID#:pCsUDaEDBUWb+mCAymOY1A, Test, PassFailTest, Main, 0, 0, 2.21553, 2.21553, Passed, N.A, N.A, N.A, N.A, N.A, N.A, N.A, N.A, N.A, 
2951, DC Power On, 2022-04-13T18:24:59.103, 2022-04-13T18:24:59.424, ID#:f7l0w4KeGUuAgAdvy4llyA, SessionAction, Action, Main, 0, 1, 0.320268, 0.320268, Done, N.A, N.A, N.A, N.A, N.A, N.A, N.A, N.A, N.A, 
2952, AC Power On, 2022-04-13T18:24:59.425, 2022-04-13T18:25:01.435, ID#:GzbbZRerW0KsOfSjLH45uD, SessionAction, Action, Main, 0, 2, 2.00994, 2.00994, Done, N.A, N.A, N.A, N.A, N.A, N.A, N.A, N.A, N.A, 
2953, Find Attached Devices, 2022-04-13T18:25:01.441, 2022-04-13T18:25:36.530, ID#:3/5kcZbtdEezckeONT1yKB, Test, StringValueTest, Main, 0, 4, 35.0886, 35.0886, Passed, String, Success, EQ, Expected, Success, N.A, N.A, N.A, N.A, 
2954, 12.8V No Load Test, 2022-04-13T18:25:36.536, 2022-04-13T18:25:38.276, ID#:s2EHM1jn9kGPV9WF3jYYlD, Test, NumericLimitTest, Main, 0, 6, 1.7399, 1.7399, Passed, Numeric, 12.8286801, AND, LimitPair, N.A, volt, 12.16, 13.44, N.A, 
2955, 12.8V Load 30W, 2022-04-13T18:25:38.278, 2022-04-13T18:25:39.449, ID#:/PEXBGfFnUy0sBWfu6GovA, Test, NumericLimitTest, Main, 0, 7, 1.1712, 1.1712, Passed, Numeric, 12.6902784, AND, LimitPair, N.A, volt, 12.16, 13.44, N.A, 
2956, 5V No Load Test, 2022-04-13T18:25:39.456, 2022-04-13T18:25:40.201, ID#:uT9QBRM1n0S0ZJX7F9++eA, Test, NumericLimitTest, Main, 0, 9, 0.745162, 0.745162, Passed, Numeric, 5.05396206, AND, LimitPair, N.A, volt, 4.75, 5.25, N.A, 
2957, 5V 600mA Load, 2022-04-13T18:25:40.203, 2022-04-13T18:25:41.448, ID#:hK5y13WF/UOw/cQ9FI1UED, Test, NumericLimitTest, Main, 0, 10, 1.24569, 1.24569, Passed, Numeric, 5.01392362, AND, LimitPair, N.A, volt, 4.75, 5.25, N.A, 
2958, 3.3V Voltage Check, 2022-04-13T18:25:41.455, 2022-04-13T18:25:42.187, ID#:dBBvwB2wHES0ifCY7PD/0B, Test, NumericLimitTest, Main, 0, 12, 0.731341, 0.731341, Passed, Numeric, 3.33372279, AND, LimitPair, N.A, volt, 2.85, 3.45, N.A, 
2959, Battery Voltage Check, 2022-04-13T18:25:42.193, 2022-04-13T18:25:42.925, ID#:9ZyDVNqHmE+lSY/ulKlYSC, Test, NumericLimitTest, Main, 0, 14, 0.73261, 0.73261, Passed, Numeric, 3.22257474, AND, LimitPair, N.A, volt, 2.85, 3.45, N.A, 
2960, Wait 10, 2022-04-13T18:25:42.927, 2022-04-13T18:25:52.928, ID#:731Py5h0n0O4z4TxEZWZlC, SessionAction, NI_Wait, Main, 0, 15, 10.0007, 10.0007, Done, N.A, N.A, N.A, N.A, N.A, N.A, N.A, N.A, N.A, 
2961, Remote Command Set, 2022-04-13T18:25:52.930, 2022-04-13T18:27:00.832, ID#:rwMhfIhvkEGEPElh2WthJB, Test, PassFailTest, Main, 0, 16, 67.9022, 67.9022, Passed, N.A, N.A, N.A, N.A, N.A, N.A, N.A, N.A, N.A, 
2962, Initialize SRAM and HC12, 2022-04-13T18:27:00.833, 2022-04-13T18:27:10.313, ID#:2mvB+Nka+EKbhUY+CDsGaC, Test, PassFailTest, Main, 0, 17, 9.48061, 9.48061, Passed, N.A, N.A, N.A, N.A, N.A, N.A, N.A, N.A, N.A, 
2963, I2C Read Write Test, 2022-04-13T18:27:10.320, 2022-04-13T18:27:13.315, ID#:fJAamqcq2k20eyHGphq6yD, Test, PassFailTest, Main, 0, 19, 2.99559, 2.99559, Passed, Alpha VCC, 5.0550848, N.A, N.A, N.A, N.A, N.A, N.A, N.A, 
2964, Get VCC Sensor Value, 2022-04-13T18:27:13.317, 2022-04-13T18:27:13.329, ID#:lLtihA257EqchQIoLTc4cD, Test, NumericLimitTest, Main, 0, 20, 0.0124059, 0.0124059, Passed, Numeric, 5.01176, AND, LimitPair, N.A, volt, 4.75, 5.25, N.A, 
2965, Get 15V Sensor Value, 2022-04-13T18:27:13.331, 2022-04-13T18:27:13.342, ID#:OXQvCycUQEO2wsMJkgzwsB, Test, NumericLimitTest, Main, 0, 21, 0.0111178, 0.0111178, Passed, Numeric, 13.15824, AND, LimitPair, N.A, volt, 12.16, 13.44, N.A, 
2966, Get Power Sensor Value, 2022-04-13T18:27:13.344, 2022-04-13T18:27:13.355, ID#:tq6ATEHbkk+HI/3GbKMbtB, Test, NumericLimitTest, Main, 0, 22, 0.0110567, 0.0110567, Passed, Numeric, 39.6204, AND, LimitPair, N.A, volt, 38, 42, N.A, 
2967, Lid Left Sensor Test, 2022-04-13T18:27:13.357, 2022-04-13T18:27:13.373, ID#:mtZOusQhZ0aR9DOvVCf06B, Test, NumericLimitTest, Main, 0, 23, 0.0165411, 0.0165411, Passed, Numeric, 53, AND, LimitPair, N.A, N.A, 50.179, 55.456, N.A, 
2968, Lid Right Sensor Test, 2022-04-13T18:27:13.375, 2022-04-13T18:27:13.386, ID#:DJXkLSdTrEC0jp7Z2uRpTB, Test, NumericLimitTest, Main, 0, 24, 0.0108935, 0.0108935, Passed, Numeric, 53, AND, LimitPair, N.A, N.A, 50.179, 55.456, N.A, 
2969, HS Left Sensor Test, 2022-04-13T18:27:13.388, 2022-04-13T18:27:13.399, ID#:iFTOUj6L7EuXDBSu+DhS4D, Test, NumericLimitTest, Main, 0, 25, 0.0110072, 0.0110072, Passed, Numeric, 53, AND, LimitPair, N.A, N.A, 50.179, 55.456, N.A, 
2970, HS Right Sensor Test, 2022-04-13T18:27:13.400, 2022-04-13T18:27:13.411, ID#:WyP2dWG4mUyCXhu6wF0rwB, Test, NumericLimitTest, Main, 0, 26, 0.0107624, 0.0107624, Passed, Numeric, 53, AND, LimitPair, N.A, N.A, 50.179, 55.456, N.A, 
2971, Get Amp2 Sensor Value, 2022-04-13T18:27:13.413, 2022-04-13T18:27:13.425, ID#:+cEzB3eXu0GAFph0u4nGdD, Test, NumericLimitTest, Main, 0, 27, 0.0118554, 0.0118554, Passed, Numeric, 22.3, AND, LimitPair, N.A, degrees Celsius, 0, 50, N.A, 
2972, Get Amp Sensor Value, 2022-04-13T18:27:13.426, 2022-04-13T18:27:13.439, ID#:ZeBOXyeCEkK/Q4rhF/s1TC, Test, NumericLimitTest, Main, 0, 28, 0.0121733, 0.0121733, Passed, Numeric, 22.7, AND, LimitPair, N.A, degrees Celsius, 0, 50, N.A, 
2973, Get Power Supply Sensor Value, 2022-04-13T18:27:13.440, 2022-04-13T18:27:13.452, ID#:XJyw3lUbfk+DGfORDTDmaA, Test, NumericLimitTest, Main, 0, 29, 0.0115147, 0.0115147, Passed, Numeric, 25.4, AND, LimitPair, N.A, degrees Celsius, -50, 50, N.A, 
2974, SRAM Page 0 Check, 2022-04-13T18:27:13.458, 2022-04-13T18:28:00.053, ID#:3kcqtTylf0K2d4hJ13c0gD, Test, PassFailTest, Main, 0, 31, 46.5946, 46.5946, Passed, N.A, N.A, N.A, N.A, N.A, N.A, N.A, N.A, N.A, 
2975, SRAM Page 1 Check, 2022-04-13T18:28:00.057, 2022-04-13T18:28:00.559, ID#:che6FvrUSUa/xqqXpET9gD, Test, PassFailTest, Main, 0, 32, 0.502418, 0.502418, Passed, N.A, N.A, N.A, N.A, N.A, N.A, N.A, N.A, N.A, 
2976, SRAM Page 2 Check, 2022-04-13T18:28:00.565, 2022-04-13T18:28:00.974, ID#:cNXE9UJMRU6lposNdl02BA, Test, PassFailTest, Main, 0, 33, 0.408106, 0.408106, Passed, N.A, N.A, N.A, N.A, N.A, N.A, N.A, N.A, N.A, 
2977, SRAM Page 3 Check, 2022-04-13T18:28:00.981, 2022-04-13T18:28:01.444, ID#:YqGUbJEF9EWgJpk574R7qA, Test, PassFailTest, Main, 0, 34, 0.463832, 0.463832, Passed, N.A, N.A, N.A, N.A, N.A, N.A, N.A, N.A, N.A, 
2978, Power Cycle Unit, 2022-04-13T18:28:01.453, 2022-04-13T18:28:30.190, ID#:FIYuItwZckyYuf6JOYOSVD, Test, PassFailTest, Main, 0, 35, 28.7371, 28.7371, Passed, N.A, N.A, N.A, N.A, N.A, N.A, N.A, N.A, N.A, 
2979, Battery Backup Test, 2022-04-13T18:28:30.195, 2022-04-13T18:28:31.234, ID#:p4VzON2s6EWvKBxp0H3nLC, Test, PassFailTest, Main, 0, 36, 1.03908, 1.03908, Passed, N.A, N.A, N.A, N.A, N.A, N.A, N.A, N.A, N.A, 
2980, Block Sensor 0 Check, 2022-04-13T18:28:31.243, 2022-04-13T18:28:31.254, ID#:Sq3nktOnbEmcuPOiOZYrGC, Test, NumericLimitTest, Main, 0, 38, 0.0112508, 0.0112508, Passed, Numeric, 52.87, AND, LimitPair, N.A, degrees Celsius, 50.179, 55.456, N.A, 
2981, Block Sensor 1 Check, 2022-04-13T18:28:31.258, 2022-04-13T18:28:31.275, ID#:BbHOPCRl5Um67zlPcNi5oB, Test, NumericLimitTest, Main, 0, 39, 0.016793, 0.016793, Passed, Numeric, 52.85, AND, LimitPair, N.A, degrees Celsius, 50.179, 55.456, N.A, 
2982, Block Sensor 2 Check, 2022-04-13T18:28:31.281, 2022-04-13T18:28:31.291, ID#:d2vFO0lGmE+F/QuX5inooA, Test, NumericLimitTest, Main, 0, 40, 0.0101901, 0.0101901, Passed, Numeric, 52.9, AND, LimitPair, N.A, degrees Celsius, 50.179, 55.456, N.A, 
2983, Block Sensor 3 Check, 2022-04-13T18:28:31.296, 2022-04-13T18:28:31.306, ID#:lGDHqMrBvEe0/XaoG1N5ZC, Test, NumericLimitTest, Main, 0, 41, 0.0101771, 0.0101771, Passed, Numeric, 52.87, AND, LimitPair, N.A, degrees Celsius, 50.179, 55.456, N.A, 
2984, Block Sensor 4 Check, 2022-04-13T18:28:31.310, 2022-04-13T18:28:31.325, ID#:KtKGZ/k25EWm0Ydfq9zs3D, Test, NumericLimitTest, Main, 0, 42, 0.0150241, 0.0150241, Passed, Numeric, 52.9, AND, LimitPair, N.A, degrees Celsius, 50.179, 55.456, N.A, 
2985, Block Sensor 5 Check, 2022-04-13T18:28:31.329, 2022-04-13T18:28:31.341, ID#:3GZetcK/dk6icYqYr6ufRC, Test, NumericLimitTest, Main, 0, 43, 0.0113212, 0.0113212, Passed, Numeric, 52.87, AND, LimitPair, N.A, degrees Celsius, 50.179, 55.456, N.A, 
2986, TE CH0 Posistive Direction Check, 2022-04-13T18:28:31.351, 2022-04-13T18:28:32.130, ID#:wft4dbLGH0OE3xVoyu02CD, Test, NumericLimitTest, Main, 0, 45, 0.779263, 0.779263, Passed, Numeric, 10.6933932, AND, LimitPair, N.A, ampere, 10.165, 11.235, N.A, 
2987, TE CH0 Negative Direction Check, 2022-04-13T18:28:32.134, 2022-04-13T18:28:32.910, ID#:LOhQjTzEUESri0TYHJJM5B, Test, NumericLimitTest, Main, 0, 46, 0.775412, 0.775412, Passed, Numeric, -10.69345345, AND, LimitPair, N.A, ampere, -11.235, -10.165, N.A, 
2988, TE CH1 Posistive Direction Check, 2022-04-13T18:28:32.914, 2022-04-13T18:28:33.680, ID#:/UGvDafsdEWLjx/wkIcdGD, Test, NumericLimitTest, Main, 0, 47, 0.766612, 0.766612, Passed, Numeric, 10.7539832, AND, LimitPair, N.A, ampere, 10.165, 11.235, N.A, 
2989, TE CH1 Negative Direction Check, 2022-04-13T18:28:33.684, 2022-04-13T18:28:34.454, ID#:Dja3YmK9y0WZKpGK9X0dOB, Test, NumericLimitTest, Main, 0, 48, 0.769324, 0.769324, Passed, Numeric, -10.74606268333, AND, LimitPair, N.A, ampere, -11.235, -10.165, N.A, 
2990, TE CH2 Posistive Direction Check, 2022-04-13T18:28:34.462, 2022-04-13T18:28:35.262, ID#:KJVxC0mgxESHhK9gy2wDBD, Test, NumericLimitTest, Main, 0, 49, 0.800219, 0.800219, Passed, Numeric, 10.8133422, AND, LimitPair, N.A, ampere, 10.165, 11.235, N.A, 
2991, TE CH2 Negative Direction Check, 2022-04-13T18:28:35.271, 2022-04-13T18:28:36.079, ID#:rm6qR2MdC0+ViheEO+3QWC, Test, NumericLimitTest, Main, 0, 50, 0.808762, 0.808762, Passed, Numeric, -10.81531175, AND, LimitPair, N.A, ampere, -11.235, -10.165, N.A, 
2992, TE CH3 Posistive Direction Check, 2022-04-13T18:28:36.087, 2022-04-13T18:28:36.885, ID#:wRiEJh5U+Eun0KY+R/t4tC, Test, NumericLimitTest, Main, 0, 51, 0.797709, 0.797709, Passed, Numeric, 10.81461895, AND, LimitPair, N.A, ampere, 10.165, 11.235, N.A, 
2993, TE CH3 Negative Direction Check, 2022-04-13T18:28:36.893, 2022-04-13T18:28:37.696, ID#:coDVB3H0dkyDIE9HayPZJB, Test, NumericLimitTest, Main, 0, 52, 0.803701, 0.803701, Passed, Numeric, -10.81311516667, AND, LimitPair, N.A, ampere, -11.235, -10.165, N.A, 
2994, TE CH4 Posistive Direction Check, 2022-04-13T18:28:37.704, 2022-04-13T18:28:38.505, ID#:5MY0Qves/0Smny/+tmcmqA, Test, NumericLimitTest, Main, 0, 53, 0.800856, 0.800856, Passed, Numeric, 10.79167095, AND, LimitPair, N.A, ampere, 10.165, 11.235, N.A, 
2995, TE CH4 Negative Direction Check, 2022-04-13T18:28:38.513, 2022-04-13T18:28:39.349, ID#:Y+gR6YcIxU+RqEpITdJ/AB, Test, NumericLimitTest, Main, 0, 54, 0.836038, 0.836038, Passed, Numeric, -10.78315053333, AND, LimitPair, N.A, ampere, -11.235, -10.165, N.A, 
2996, TE CH5 Posistive Direction Check, 2022-04-13T18:28:39.357, 2022-04-13T18:28:40.173, ID#:BaOtgXz+REuaodw2owY5qD, Test, NumericLimitTest, Main, 0, 55, 0.815907, 0.815907, Passed, Numeric, 10.97093311667, AND, LimitPair, N.A, ampere, 10.165, 11.235, N.A, 
2997, TE CH5 Negative Direction Check, 2022-04-13T18:28:40.180, 2022-04-13T18:28:40.990, ID#:VE/CPzbXEUGoC2cohZLciB, Test, NumericLimitTest, Main, 0, 56, 0.809938, 0.809938, Passed, Numeric, -10.96213763333, AND, LimitPair, N.A, ampere, -11.235, -10.165, N.A, 
2998, TE CH0 4.9A Current Check, 2022-04-13T18:28:40.998, 2022-04-13T18:28:41.800, ID#:HXtev7hBbEqHckdeyDggjC, Test, NumericLimitTest, Main, 0, 57, 0.801811, 0.801811, Passed, Numeric, 4.92659905, AND, LimitPair, N.A, ampere, 4.65, 5.15, N.A, 
2999, TE CH1 4.9A Current Check, 2022-04-13T18:28:41.808, 2022-04-13T18:28:42.615, ID#:E9ohR7rRd06h1Ub0N5DZyA, Test, NumericLimitTest, Main, 0, 58, 0.807206, 0.807206, Passed, Numeric, 4.954333883333, AND, LimitPair, N.A, ampere, 4.65, 5.15, N.A, 
3000, TE CH2 4.9A Current Check, 2022-04-13T18:28:42.623, 2022-04-13T18:28:43.430, ID#:Y3I5o2JSWECvuZc5LEbuSC, Test, NumericLimitTest, Main, 0, 59, 0.806923, 0.806923, Passed, Numeric, 4.98653885, AND, LimitPair, N.A, ampere, 4.65, 5.15, N.A, 
3001, TE CH3 4.9A Current Check, 2022-04-13T18:28:43.438, 2022-04-13T18:28:44.254, ID#:cgTfSE0f50qk4vd7/g62eA, Test, NumericLimitTest, Main, 0, 60, 0.816109, 0.816109, Passed, Numeric, 4.946130216667, AND, LimitPair, N.A, ampere, 4.65, 5.15, N.A, 
3002, TE CH4 4.9A Current Check, 2022-04-13T18:28:44.262, 2022-04-13T18:28:45.074, ID#:qZmQ+0ejzUCfnDZbcGD3FD, Test, NumericLimitTest, Main, 0, 61, 0.811792, 0.811792, Passed, Numeric, 4.975447633333, AND, LimitPair, N.A, ampere, 4.65, 5.15, N.A, 
3003, TE CH5 4.9A Current Check, 2022-04-13T18:28:45.082, 2022-04-13T18:28:45.889, ID#:W+O0m6YLCUyKsJZATJ5u7D, Test, NumericLimitTest, Main, 0, 62, 0.806947, 0.806947, Passed, Numeric, 5.026506333333, AND, LimitPair, N.A, ampere, 4.65, 5.15, N.A, 
3004, TE CH0 1.3A Current Check, 2022-04-13T18:28:45.892, 2022-04-13T18:28:46.699, ID#:zAMmmENuhU6nwXzNCkCpAB, Test, NumericLimitTest, Main, 0, 63, 0.806841, 0.806841, Passed, Numeric, 1.454621541667, AND, LimitPair, N.A, ampere, 1.214, 1.64, N.A, 
3005, TE CH1 1.3A Current Check, 2022-04-13T18:28:46.708, 2022-04-13T18:28:47.522, ID#:+mkxle4HCUuueQvr1qk9lA, Test, NumericLimitTest, Main, 0, 64, 0.814275, 0.814275, Passed, Numeric, 1.470846598333, AND, LimitPair, N.A, ampere, 1.314, 1.64, N.A, 
3006, TE CH2 1.3A Current Check, 2022-04-13T18:28:47.530, 2022-04-13T18:28:48.330, ID#:dQAAUs4UnE2mZArRjriTfB, Test, NumericLimitTest, Main, 0, 65, 0.799881, 0.799881, Passed, Numeric, 1.482323525, AND, LimitPair, N.A, ampere, 1.314, 1.64, N.A, 
3007, TE CH3 1.3A Current Check, 2022-04-13T18:28:48.339, 2022-04-13T18:28:49.165, ID#:/oo1b9hIYEyxdUgLN0ylID, Test, NumericLimitTest, Main, 0, 66, 0.826264, 0.826264, Passed, Numeric, 1.446559923333, AND, LimitPair, N.A, ampere, 1.314, 1.64, 1, 
3008, TE CH3 1.3A Current Check (Loop Index:0), 2022-04-13T18:28:48.339, 2022-04-13T18:28:49.165, ID#:/oo1b9hIYEyxdUgLN0ylID, Test, NumericLimitTest, Main, 0, 66, 0.825735, 0.825735, Passed, Numeric, 1.446559923333, AND, LimitPair, N.A, ampere, 1.314, 1.64, 0, 
3009, TE CH4 1.3A Current Check, 2022-04-13T18:28:49.173, 2022-04-13T18:28:55.684, ID#:OWUY9JrbL0y0W9igGkvdlC, Test, NumericLimitTest, Main, 0, 67, 6.51129, 6.51129, Passed, Numeric, 1.489131856667, AND, LimitPair, N.A, ampere, 1.314, 1.64, 8, 
3010, TE CH4 1.3A Current Check (Loop Index:0), 2022-04-13T18:28:49.173, 2022-04-13T18:28:49.958, ID#:OWUY9JrbL0y0W9igGkvdlC, Test, NumericLimitTest, Main, 0, 67, 0.785202, 0.785202, Passed, Numeric, 1.488778261667, AND, LimitPair, N.A, ampere, 1.314, 1.64, 0, 
3011, TE CH4 1.3A Current Check (Loop Index:1), 2022-04-13T18:28:49.961, 2022-04-13T18:28:50.796, ID#:OWUY9JrbL0y0W9igGkvdlC, Test, NumericLimitTest, Main, 0, 67, 0.835142, 0.835142, Passed, Numeric, 1.489609823333, AND, LimitPair, N.A, ampere, 1.314, 1.64, 1, 
3012, TE CH4 1.3A Current Check (Loop Index:2), 2022-04-13T18:28:50.798, 2022-04-13T18:28:51.607, ID#:OWUY9JrbL0y0W9igGkvdlC, Test, NumericLimitTest, Main, 0, 67, 0.809478, 0.809478, Passed, Numeric, 1.490063853333, AND, LimitPair, N.A, ampere, 1.314, 1.64, 2, 
3013, TE CH4 1.3A Current Check (Loop Index:3), 2022-04-13T18:28:51.609, 2022-04-13T18:28:52.424, ID#:OWUY9JrbL0y0W9igGkvdlC, Test, NumericLimitTest, Main, 0, 67, 0.814497, 0.814497, Passed, Numeric, 1.488993638333, AND, LimitPair, N.A, ampere, 1.314, 1.64, 3, 
3014, TE CH4 1.3A Current Check (Loop Index:4), 2022-04-13T18:28:52.426, 2022-04-13T18:28:53.235, ID#:OWUY9JrbL0y0W9igGkvdlC, Test, NumericLimitTest, Main, 0, 67, 0.809569, 0.809569, Passed, Numeric, 1.490280813333, AND, LimitPair, N.A, ampere, 1.314, 1.64, 4, 
3015, TE CH4 1.3A Current Check (Loop Index:5), 2022-04-13T18:28:53.237, 2022-04-13T18:28:54.040, ID#:OWUY9JrbL0y0W9igGkvdlC, Test, NumericLimitTest, Main, 0, 67, 0.802201, 0.802201, Passed, Numeric, 1.488598996667, AND, LimitPair, N.A, ampere, 1.314, 1.64, 5, 
3016, TE CH4 1.3A Current Check (Loop Index:6), 2022-04-13T18:28:54.042, 2022-04-13T18:28:54.853, ID#:OWUY9JrbL0y0W9igGkvdlC, Test, NumericLimitTest, Main, 0, 67, 0.811386, 0.811386, Passed, Numeric, 1.488577171667, AND, LimitPair, N.A, ampere, 1.314, 1.64, 6, 
3017, TE CH4 1.3A Current Check (Loop Index:7), 2022-04-13T18:28:54.855, 2022-04-13T18:28:55.684, ID#:OWUY9JrbL0y0W9igGkvdlC, Test, NumericLimitTest, Main, 0, 67, 0.828842, 0.828842, Passed, Numeric, 1.489131856667, AND, LimitPair, N.A, ampere, 1.314, 1.64, 7, 
3018, TE CH5 1.3A Current Check, 2022-04-13T18:28:55.692, 2022-04-13T18:28:56.500, ID#:R0Ef4Ih3eUiMFNQqMTjZUA, Test, NumericLimitTest, Main, 0, 68, 0.807158, 0.807158, Passed, Numeric, 1.492554071667, AND, LimitPair, N.A, ampere, 1.314, 1.64, 1, 
3019, Heartbeat Led Test, 2022-04-13T18:28:56.508, 2022-04-13T18:29:13.244, ID#:EyKgFGEY0kqT47pLtUVfGB, Test, PassFailTest, Main, 0, 69, 16.7366, 16.7366, Passed, N.A, N.A, N.A, N.A, N.A, N.A, N.A, N.A, N.A, 
3020, External Led Blinking Test, 2022-04-13T18:29:13.248, 2022-04-13T18:29:13.972, ID#:+qhaouIhzUSi4J9NjcFEqB, Test, PassFailTest, Main, 0, 70, 0.724299, 0.724299, Passed, N.A, N.A, N.A, N.A, N.A, N.A, N.A, N.A, N.A, 
3021, Low Lid 1 Voltage Check, 2022-04-13T18:29:13.981, 2022-04-13T18:29:14.793, ID#:fVk977wyHUOWQIPid4rfrB, Test, NumericLimitTest, Main, 0, 72, 0.8124, 0.8124, Passed, Numeric, 19.557355, AND, LimitPair, N.A, volt, 18.7435, 20.7165, N.A, 
3022, Low Lid 2 Voltage Check, 2022-04-13T18:29:14.803, 2022-04-13T18:29:15.645, ID#:H0kPcLeDmEypF9qrc47cCD, Test, NumericLimitTest, Main, 0, 73, 0.841966, 0.841966, Passed, Numeric, 19.6078706, AND, LimitPair, N.A, volt, 18.7435, 20.7165, N.A, 
3023, Hi Lid 1 Voltage Check, 2022-04-13T18:29:15.653, 2022-04-13T18:29:16.479, ID#:Kk4NQpJUCECGblV0OdhKVB, Test, NumericLimitTest, Main, 0, 74, 0.826321, 0.826321, Passed, Numeric, 33.9717891, AND, LimitPair, N.A, volt, 32.585, 36.015, N.A, 
3024, Hi Lid 2 Voltage Check, 2022-04-13T18:29:16.487, 2022-04-13T18:29:17.329, ID#:MnCzhIui3U2w2Fy2/4Z6cD, Test, NumericLimitTest, Main, 0, 75, 0.841092, 0.841092, Passed, Numeric, 34.0533872, AND, LimitPair, N.A, volt, 32.585, 36.015, N.A, 
3025, Fan 1 Low Speed Check, 2022-04-13T18:29:17.348, 2022-04-13T18:29:23.363, ID#:hGUIrpOepkadnsvGtzvEvB, Test, NumericLimitTest, Main, 0, 77, 6.01496, 6.01496, Passed, Numeric, 243, AND, LimitPair, N.A, R.P.M, 200, 299, N.A, 
3026, Fan 2 Low Speed Check, 2022-04-13T18:29:23.371, 2022-04-13T18:29:29.387, ID#:J+6Bk150m0uQK3EcNwZZOA, Test, NumericLimitTest, Main, 0, 78, 6.01563, 6.01563, Passed, Numeric, 237, AND, LimitPair, N.A, R.P.M, 200, 299, N.A, 
3027, Fan 1 Medium Speed Check, 2022-04-13T18:29:29.395, 2022-04-13T18:29:35.410, ID#:INxiJIvKOE+nZv2U4fXukD, Test, NumericLimitTest, Main, 0, 79, 6.01467, 6.01467, Passed, Numeric, 360, AND, LimitPair, N.A, RPM, 300, 380, N.A, 
3028, Fan 2 Medium Speed Check, 2022-04-13T18:29:35.414, 2022-04-13T18:29:41.427, ID#:UodXYDKwr02HGJwlhCMtnD, Test, NumericLimitTest, Main, 0, 80, 6.01308, 6.01308, Passed, Numeric, 356, AND, LimitPair, N.A, RPM, 300, 380, N.A, 
3029, Fan 1 Hi Speed Check, 2022-04-13T18:29:41.431, 2022-04-13T18:29:47.447, ID#:B/WFyM9y60KjkQEbbA97WA, Test, NumericLimitTest, Main, 0, 81, 6.01567, 6.01567, Passed, Numeric, 470, AND, LimitPair, N.A, RPM, 380, 500, N.A, 
3030, Fan 2 Hi Speed Check, 2022-04-13T18:29:47.456, 2022-04-13T18:29:53.477, ID#:Wl7hUYmQ/kCMSrIckmlBdD, Test, NumericLimitTest, Main, 0, 82, 6.0214, 6.0214, Passed, Numeric, 466, AND, LimitPair, N.A, RPM, 380, 500, N.A, 
3031, RT Lid Voltage Check, 2022-04-13T18:29:53.495, 2022-04-13T18:29:54.259, ID#:PJJXVEbWFEa13k+DySJgaC, Test, NumericLimitTest, Main, 0, 84, 0.763809, 0.763809, Passed, Numeric, 39.8873348, AND, LimitPair, N.A, volt, 38, 42, N.A, 
3032, Beep Check, 2022-04-13T18:29:54.277, 2022-04-13T18:30:00.373, ID#:EqzyXG3DBkyWUZnL9CfwwA, Test, PassFailTest, Main, 0, 86, 6.09598, 6.09598, Passed, N.A, N.A, N.A, N.A, N.A, N.A, N.A, N.A, N.A, 
3033, Load All Load 1 Min, 2022-04-13T18:30:00.380, 2022-04-13T18:31:01.452, ID#:lpso/9wtqUaXEmf9sr7MWA, SessionAction, Action, Main, 0, 87, 61.0713, 61.0713, Done, N.A, N.A, N.A, N.A, N.A, N.A, N.A, N.A, N.A, 
3034, 12.8V Load 30W, 2022-04-13T18:31:01.472, 2022-04-13T18:31:02.940, ID#:bL07cwx0MEuslFkQRPVE3C, Test, NumericLimitTest, Main, 0, 88, 1.46839, 1.46839, Passed, Numeric, 12.6681523, AND, LimitPair, N.A, volt, 12.16, 13.44, N.A, 
3035, 5V 600mA Load, 2022-04-13T18:31:02.949, 2022-04-13T18:31:04.440, ID#:JuBFW+012kqlhm5xYV+AQD, Test, NumericLimitTest, Main, 0, 89, 1.49129, 1.49129, Passed, Numeric, 4.9807085, AND, LimitPair, N.A, volt, 4.75, 5.25, N.A, 
3036, TE CH0 10.5A Current Check, 2022-04-13T18:31:04.450, 2022-04-13T18:31:05.245, ID#:pNI7DpsMY0yXDt+MhjQC2C, Test, NumericLimitTest, Main, 0, 90, 0.794682, 0.794682, Passed, Numeric, 10.7058346, AND, LimitPair, N.A, ampere, 10.165, 11.235, N.A, 
3037, TE CH1 10.5A Current Check, 2022-04-13T18:31:05.253, 2022-04-13T18:31:06.045, ID#:kPT6D26WDkiAnuv0hwrpkD, Test, NumericLimitTest, Main, 0, 91, 0.792245, 0.792245, Passed, Numeric, 10.75675876667, AND, LimitPair, N.A, ampere, 10.165, 11.235, N.A, 
3038, TE CH2 10.5A Current Check, 2022-04-13T18:31:06.049, 2022-04-13T18:31:06.821, ID#:fWmorY1ie0qBEWbqoC41EC, Test, NumericLimitTest, Main, 0, 92, 0.772076, 0.772076, Passed, Numeric, 10.82735553333, AND, LimitPair, N.A, ampere, 10.165, 11.235, N.A, 
3039, TE CH3 10.5A Current Check, 2022-04-13T18:31:06.829, 2022-04-13T18:31:07.621, ID#:VL9oMFcI1U2qOiu+O/DxOB, Test, NumericLimitTest, Main, 0, 93, 0.791951, 0.791951, Passed, Numeric, 10.82949538333, AND, LimitPair, N.A, ampere, 10.165, 11.235, N.A, 
3040, TE CH4 10.5A Current Check, 2022-04-13T18:31:07.624, 2022-04-13T18:31:08.432, ID#:kyCRkKaUE0G0AdwgW2iu5A, Test, NumericLimitTest, Main, 0, 94, 0.808033, 0.808033, Passed, Numeric, 10.79823828333, AND, LimitPair, N.A, ampere, 10.165, 11.235, N.A, 
3041, TE CH5 10.5A Current Check, 2022-04-13T18:31:08.437, 2022-04-13T18:31:09.206, ID#:kQP4ME5NuEu3Titg5yMjeC, Test, NumericLimitTest, Main, 0, 95, 0.768653, 0.768653, Passed, Numeric, 10.97794396667, AND, LimitPair, N.A, ampere, 10.165, 11.235, N.A, 
3042, Low Lid 1 Voltage Check, 2022-04-13T18:31:09.209, 2022-04-13T18:31:10.011, ID#:XyvbZrjmmE2GS7uXBrkYDA, Test, NumericLimitTest, Main, 0, 96, 0.801688, 0.801688, Passed, Numeric, 19.5484335, AND, LimitPair, N.A, volt, 18.7435, 20.7165, N.A, 
3043, Low Lid 2 Voltage Check, 2022-04-13T18:31:10.014, 2022-04-13T18:31:10.821, ID#:5oho99YAAkKJEgYduWK1TD, Test, NumericLimitTest, Main, 0, 97, 0.806191, 0.806191, Passed, Numeric, 19.6087221, AND, LimitPair, N.A, volt, 18.7435, 20.7165, N.A, 
3044, Hi Lid 1 Voltage Check, 2022-04-13T18:31:10.824, 2022-04-13T18:31:11.627, ID#:gdWzxdWVRk+7KKdqdLY60A, Test, NumericLimitTest, Main, 0, 98, 0.802714, 0.802714, Passed, Numeric, 33.9683573, AND, LimitPair, N.A, volt, 32.585, 36.015, N.A, 
3045, Hi Lid 2 Voltage Check, 2022-04-13T18:31:11.630, 2022-04-13T18:31:12.451, ID#:Q15tZPkZr0CugWTEKKsaCB, Test, NumericLimitTest, Main, 0, 99, 0.820832, 0.820832, Passed, Numeric, 34.055294, AND, LimitPair, N.A, volt, 32.585, 36.015, N.A, 
3046, Unoad All Load, 2022-04-13T18:31:12.455, 2022-04-13T18:31:14.480, ID#:lNo269sh5EGs4Lbws/hkUA, SessionAction, Action, Main, 0, 100, 2.02481, 2.02481, Done, N.A, N.A, N.A, N.A, N.A, N.A, N.A, N.A, N.A, 
3047, Satelite Display and Keypad Check, 2022-04-13T18:31:14.489, 2022-04-13T18:31:29.251, ID#:qFQZ2SAKR0OvejZsPSBDzD, Test, PassFailTest, Main, 0, 102, 14.7616, 14.7616, Passed, N.A, N.A, N.A, N.A, N.A, N.A, N.A, N.A, N.A, 
3048, Protocol Creation Check, 2022-04-13T18:31:29.258, 2022-04-13T18:31:35.555, ID#:kdiQkBMZ9kWTLfqUqQZfzB, Test, PassFailTest, Main, 0, 103, 6.29625, 6.29625, Passed, N.A, N.A, N.A, N.A, N.A, N.A, N.A, N.A, N.A, 
3049, Protocol Delete Check, 2022-04-13T18:31:35.561, 2022-04-13T18:31:40.383, ID#:/dELZBxRiUyfgYpnbQmdzB, Test, PassFailTest, Main, 0, 104, 4.82192, 4.82192, Passed, N.A, N.A, N.A, N.A, N.A, N.A, N.A, N.A, N.A, 
3050, Remote Command Set, 2022-04-13T18:31:40.392, 2022-04-13T18:32:47.935, ID#:/sf35Wk+CEeV02sYnp9QgA, Test, PassFailTest, Main, 0, 105, 67.5431, 67.5431, Passed, N.A, N.A, N.A, N.A, N.A, N.A, N.A, N.A, N.A, 
3051, Initialize SRAM and HC12, 2022-04-13T18:32:47.939, 2022-04-13T18:32:57.424, ID#:KSTbIXibA0WJCfcONXYX0D, Test, PassFailTest, Main, 0, 106, 9.48492, 9.48492, Passed, N.A, N.A, N.A, N.A, N.A, N.A, N.A, N.A, N.A, 
3052, Power Off, 2022-04-13T18:32:57.455, 2022-04-13T18:32:59.489, ID#:+HcHQC/MrEW6zKqBfNUvNB, SessionAction, Action, Cleanup, 0, 0, 2.03415, 2.03415, Done, N.A, N.A, N.A, N.A, N.A, N.A, N.A, N.A, N.A, 
3053, DC Power Off, 2022-04-13T18:32:59.501, 2022-04-13T18:32:59.840, ID#:uHxAHNpOc02A2ZVKR0dFLB, SessionAction, Action, Cleanup, 0, 1, 0.338774, 0.338774, Done, N.A, N.A, N.A, N.A, N.A, N.A, N.A, N.A, N.A, 
3054, Wait 10, 2022-04-13T18:32:59.845, 2022-04-13T18:33:14.845, ID#:vYX24mrHDEm0g32FqlewxC, SessionAction, NI_Wait, Cleanup, 0, 2, 15.0004, 15.0004, Done, N.A, N.A, N.A, N.A, N.A, N.A, N.A, N.A, N.A, 
